
  901  491   35  652  941  678   18  531  578   64
  506   61   65  368  350  128  366  976  151  572
  842  956    7  416  232  137  813  225  959   19
  491  253  135  458  121  935  560  399  512  991
  702  725  148  157  852  770  767  882  936  637
  905  946  829  874  620  156   61  424  830  786
  828  920  911  594  769  786  568  265  564  230
  652  972  664  397  461  596  962   52  315  632
  718  836  210   13  970  881  508  240  233  612
  412  336  910  104  615  209  998  474  898  412

High: 998, Low: 7, Average: 536.27

  398  183  427  590  737  664   67  671  295  470
  386   34  590  677  340  865  517  253  679  860
  455   63  984  585  869  455  403  414  736  265
   97  330   56  230  169  760  335  115  636   65
  405  586  631  371  431  661  803  538  745  351
  115  936  857  642  475  472  221   71  484  268
  213  463  163  258  554  945  511  206  662  120
  991  516  459  438  780  206  403  227  976  779
  115  441  815  650   63  638  499  159  911  322
  761   32  654  245  386  729  597  715  986  430

High: 991, Low: 32, Average: 478.06

  126  560   94  833  992  675  929  807  664  693
  309  569  223  677  679  484  634  520  933  578
  902  481  977  260  180   98  586   29  883  706
  873  634  729  619  664   35  527  610   52  154
  986  809   70  231  347  334  898  834  949  491
  323  127   66  275  110  874  746  714  197  597
  460  433  134  687  166  126  422  539  996  954
  710  545   75  225  138  436  223  801  694  228
  975  795  188  549  404  283  426  902  463  481
  319  733  366  516  605  424  266  408  581  932

High: 996, Low: 29, Average: 515.64
